demo_assets/current-wind-surface-level-gfs-1.0.json
{"header": { "discipline":0, "disciplineName":"Meteorological products", "gribEdition":2, "gribLength":75094, "center":7, "centerName":"US National Weather Service - NCEP(WMC)", "subcenter":0, "refTime":"2017-09-21T18:00:00.000Z", "significanceOfRT":1, "significanceOfRTName":"Start of forecast", "productStatus":0, "productStatusName":"Operational products", "productType":1, "productTypeName":"Forecast products", "productDefinitionTemplate":0, "productDefinitionTemplateName":"Analysis/forecast at horizontal level/layer at a point in time", "parameterCategory":2, "parameterCategoryName":"Momentum", "parameterNumber":3, "parameterNumberName":"V-component_of_wind", "parameterUnit":"m.s-1", "genProcessType":2, "genProcessTypeName":"Forecast", "forecastTime":0, "surface1Type":103, "surface1TypeName":"Specified height level above ground", "surface1Value":10.0, "surface2Type":255, "surface2TypeName":"Missing", "surface2Value":0.0, "gridDefinitionTemplate":0, "gridDefinitionTemplateName":"Latitude_Longitude", "numberPoints":65160, "shape":6, "shapeName":"Earth spherical with radius of 6,371,229.0 m", "gridUnits":"degrees", "resolution":48, "winds":"true", "scanMode":0, "nx":360, "ny":181, "basicAngle":0, "lo1":0.0, "la1":90.0, "lo2":359.0, "la2":-90.0, "dx":1.0, "dy":1.0 }, "data":
[rows 130 to 155 of 181, columns 120 to 179 of 360]
-8.124087,-8.304087,-8.074087,-7.384087,-6.154087,-5.294087,-5.5340867,-3.084087,-2.954087,-9.0040865,-14.794086,-16.314087,-18.294086,-18.274086,-14.634087,-12.554087,-11.014087,-9.534087,-8.284087,-6.944087,-5.934087,-4.7240868,-3.494087,-2.3940868,-0.7440869,-1.654087,-1.3240869,0.18591309,0.6759131,1.7959131,1.6959131,0.6259131,-3.264087,-6.2640867,-7.834087,-7.7240868,-7.464087,-6.9740868,-6.464087,-5.2240868,-2.8940868,-0.5540869,1.7059131,3.745913,4.2359133,5.015913,5.055913,4.845913,5.335913,5.6959133,5.995913,6.495913,5.815913,4.175913,-1.3240869,-3.014087,-0.4740869,3.735913,-2.454087,-4.154087
-8.064087,-8.244087,-7.774087,-7.234087,-6.664087,-6.234087,-7.814087,-1.8340869,1.9159131,-8.694087,-16.654087,-18.234087,-18.884087,-17.604088,-13.394087,-9.284087,-7.874087,-7.154087,-6.194087,-5.664087,-5.454087,-4.874087,-3.9240868,-2.8740869,-1.9840869,0.16591309,0.9359131,0.89591306,0.005913086,-1.5640869,-1.8640869,-2.3540869,-3.6140869,-5.824087,-6.614087,-7.604087,-7.814087,-7.584087,-7.334087,-6.094087,-4.3040867,-2.4240868,-0.2540869,1.975913,3.535913,4.175913,4.425913,4.785913,5.975913,6.825913,6.065913,6.615913,3.945913,0.9159131,1.1259131,-0.024086915,-0.20408691,-6.154087,-5.234087,-5.2440867
-7.874087,-7.584087,-7.424087,-7.454087,-6.954087,-6.574087,-6.414087,-2.194087,4.2159133,-11.054087,-16.894087,-16.394087,-14.684087,-12.544086,-11.314087,-9.994087,-7.0340867,-5.394087,-4.624087,-4.344087,-4.154087,-3.764087,-3.214087,-2.8840868,-3.1040869,-3.9140868,-1.394087,-0.004086914,-1.0640869,3.425913,4.095913,0.7459131,-2.764087,-5.274087,-8.514087,-8.184087,-7.274087,-7.124087,-7.134087,-6.874087,-5.364087,-3.8540869,-2.044087,0.005913086,2.285913,3.495913,3.8359132,4.595913,5.7159133,6.065913,5.125913,6.605913,1.6959131,5.045913,1.7759131,-1.5640869,-0.91408694,-1.9840869,-3.584087,-4.614087
2.155913,-1.034087,-4.074087,-5.524087,-6.0540867,-4.7840867,-4.324087,-2.454087,-0.30408692,-0.8240869,-4.084087,-6.7240868,-8.814087,-9.944087,-9.834087,-8.174087,-6.4740868,-5.384087,-4.634087,-3.8540869,-3.214087,-2.764087,-2.3940868,-2.1840868,-2.6740868,-4.124087,-2.084087,-1.2440869,-2.074087,-0.12408692,0.6959131,2.975913,3.985913,-0.42408693,-6.444087,-9.224087,-11.374087,-9.814087,-9.234087,-8.074087,-6.164087,-5.044087,-3.944087,-1.8440869,1.0759131,3.3259132,4.435913,4.815913,5.075913,5.5259132,2.405913,2.3559132,2.225913,2.3759131,0.51591307,-1.7340869,-2.8840868,-3.314087,-2.964087,-3.284087
6.225913,3.435913,0.9959131,-0.91408694,-1.8340869,-1.8440869,-1.5740869,-1.284087,-1.754087,-2.524087,-3.814087,-5.2240868,-6.084087,-6.414087,-6.094087,-5.2640867,-4.084087,-2.974087,-2.1640868,-1.5840869,-1.0540869,-0.5840869,-0.5140869,-0.7740869,-1.284087,-2.3940868,-3.1640868,-4.114087,-4.334087,-3.054087,-0.054086912,0.24591309,0.9859131,1.1359131,-2.094087,-7.634087,-9.544086,-10.274087,-10.484087,-8.954087,-7.114087,-6.324087,-5.424087,-2.834087,0.115913086,2.965913,4.4459133,4.645913,3.475913,1.4559131,-0.53408694,0.07591309,-1.4540869,-1.904087,-1.274087,-2.1340868,-2.6240869,-2.494087,-2.214087,-1.9340869
4.9859133,4.065913,2.8459132,1.7659131,1.215913,0.7259131,0.035913087,-0.73408693,-1.524087,-2.544087,-3.3840868,-3.9140868,-4.314087,-4.504087,-4.424087,-3.9340868,-3.224087,-2.6040869,-2.1040869,-1.654087,-1.274087,-0.8240869,-0.4740869,-0.33408692,-0.4140869,-0.8640869,-1.5640869,-2.774087,-3.6840868,-3.464087,-2.774087,-0.4840869,0.21591309,0.76591307,-0.5240869,-5.644087,-9.964087,-11.314087,-11.384087,-10.324087,-8.534087,-7.414087,-6.434087,-3.9040868,-0.98408693,2.255913,3.8459132,3.245913,-1.4340869,-0.66408694,-1.7940869,-2.534087,-3.734087,-3.334087,-2.6840868,-2.594087,-2.794087,-2.534087,-2.6240869,-2.824087
3.8259132,2.925913,2.185913,1.5459131,0.7859131,0.12591308,-0.39408693,-0.91408694,-1.4940869,-2.064087,-2.494087,-2.774087,-2.984087,-3.084087,-3.014087,-2.764087,-2.3840868,-2.1340868,-2.024087,-1.884087,-1.6240869,-1.284087,-0.7440869,-0.2840869,-0.034086913,-0.39408693,-1.1240869,-2.274087,-3.6540868,-4.424087,-3.6240869,-2.9040868,-0.4140869,-0.5040869,-0.9340869,-4.424087,-9.434087,-11.594087,-12.214087,-11.634087,-10.104087,-8.674087,-7.5540867,-5.5340867,-2.504087,1.115913,1.2059131,-0.5140869,-0.97408694,-0.9640869,-1.8440869,-7.944087,-5.704087,-4.654087,-4.044087,-3.944087,-3.6240869,-3.204087,-3.1440868,-2.3540869
4.355913,3.0659132,1.6459131,0.76591307,0.16591309,-0.014086914,-0.36408693,-1.0440869,-1.6740869,-2.1540868,-2.1540868,-1.8040869,-1.3240869,-0.78408694,-0.2940869,0.2959131,0.6359131,0.6759131,0.32591307,-0.6140869,-1.8640869,-2.264087,-1.764087,-0.7540869,-0.39408693,-0.42408693,-1.024087,-2.1540868,-3.214087,-4.504087,-4.824087,-3.564087,-2.1840868,-0.8740869,-1.4440869,-4.024087,-8.934087,-11.384087,-12.614087,-12.684087,-11.544086,-10.054087,-8.454087,-6.574087,-4.274087,0.3059131,2.055913,-2.344087,-0.7740869,-6.684087,-8.474087,-8.0040865,-7.404087,-6.314087,-5.604087,-4.834087,-3.744087,-3.1140869,-2.084087,-1.3440869
5.105913,1.9159131,1.475913,1.735913,1.845913,2.445913,2.275913,0.9759131,-0.20408691,-0.85408694,-0.8440869,0.23591308,1.215913,1.5659131,2.1359131,2.6359131,3.305913,4.015913,3.735913,2.6359131,0.7859131,-1.404087,-2.8540869,-2.274087,-0.97408694,-0.14408691,-0.7140869,-2.314087,-4.504087,-5.194087,-6.824087,-5.184087,-3.714087,-1.904087,-1.384087,-3.214087,-7.774087,-11.5040865,-12.924087,-12.7540865,-12.264087,-10.824087,-8.714087,-6.374087,-5.674087,-0.8840869,1.3359131,-2.064087,-6.364087,-9.674087,-9.564087,-9.054087,-8.434087,-7.394087,-6.584087,-5.644087,-4.334087,-3.564087,-3.1440868,-3.344087
5.815913,2.8759131,2.255913,2.035913,1.7959131,1.495913,1.3059131,0.3059131,-0.7040869,-0.43408692,0.24591309,1.5359131,3.3359132,4.115913,4.835913,5.615913,5.825913,5.565913,5.645913,4.605913,2.255913,-0.14408691,-1.9740869,-2.1840868,-1.3640869,-0.30408692,-0.5040869,-2.314087,-3.994087,-6.044087,-6.894087,-6.3040867,-4.774087,-3.284087,-2.474087,-2.4040868,-6.574087,-10.394087,-12.734087,-13.364087,-12.804087,-11.464087,-9.474087,-7.164087,-7.124087,-2.6040869,-1.264087,-4.0140867,-8.714087,-10.824087,-9.964087,-9.854087,-9.484087,-8.534087,-7.714087,-6.844087,-5.7240868,-5.144087,-5.394087,-4.854087
3.215913,3.3259132,3.0759132,3.255913,3.3259132,2.275913,1.0059131,0.71591306,-0.39408693,0.23591308,1.5559131,2.5859132,3.765913,4.855913,5.575913,5.825913,5.895913,5.815913,5.905913,5.935913,4.425913,1.615913,-0.17408691,-0.36408693,0.6959131,1.0859131,0.4959131,-1.884087,-4.354087,-6.394087,-6.344087,-4.824087,-4.004087,-3.554087,-2.6340868,-3.6440868,-5.7240868,-11.164087,-13.274087,-13.244087,-13.114087,-12.124087,-10.234087,-8.894087,-8.454087,-4.654087,-4.454087,-5.5140867,-8.014087,-9.854087,-9.664087,-10.074087,-9.964087,-9.154087,-8.144087,-7.064087,-6.134087,-5.454087,-5.634087,-5.594087
1.7559131,1.6659131,1.9059131,1.8259131,2.405913,1.9359131,0.045913085,-1.144087,-1.1840869,-1.1840869,0.015913086,1.6959131,3.275913,4.745913,5.685913,6.2759132,6.625913,6.905913,6.4659133,4.385913,3.545913,1.2759131,-0.12408692,0.37591308,1.0459131,1.1959131,-0.37408692,-4.004087,-6.3040867,-6.504087,-5.094087,-3.9340868,-3.1740868,-3.014087,-2.6240869,-2.944087,-6.7440867,-10.444087,-13.454087,-14.014087,-13.554087,-12.734087,-11.304087,-10.484087,-9.724087,-6.7440867,-6.434087,-7.004087,-7.944087,-8.514087,-9.064087,-9.854087,-10.224087,-9.534087,-8.654087,-7.254087,-6.2440867,-5.404087,-4.964087,-4.9740868
1.7859131,0.5359131,-0.034086913,-0.97408694,-0.2540869,0.4259131,0.115913086,-1.394087,-3.6340868,-2.6440868,-1.034087,0.9159131,2.725913,4.205913,5.405913,6.2559133,6.885913,7.595913,7.915913,7.335913,5.805913,2.685913,-0.20408691,0.28591308,1.0459131,2.0859132,-4.444087,-7.024087,-6.254087,-4.354087,-2.794087,-2.524087,-2.294087,-1.6240869,-2.814087,-3.464087,-7.884087,-10.544086,-13.964087,-14.054087,-13.684087,-13.164087,-12.374087,-12.024087,-11.494087,-9.144087,-7.924087,-8.074087,-8.404087,-8.554087,-8.584087,-9.584087,-10.124087,-10.094087,-9.2540865,-8.044086,-7.004087,-6.254087,-5.694087,-5.2840867
2.3559132,1.9159131,0.9259131,-0.7640869,-2.534087,-1.784087,-1.4240869,-1.254087,-2.274087,-3.304087,-2.334087,-0.6240869,1.345913,3.0659132,4.2759132,5.475913,6.385913,7.035913,7.395913,7.795913,7.0259132,5.145913,1.8059131,-0.8240869,0.3959131,0.9759131,-8.904087,-7.104087,-5.934087,-4.044087,-2.234087,-1.154087,-0.23408692,1.1859131,1.3259131,-1.904087,-9.774087,-11.344087,-13.514087,-13.804087,-13.484087,-13.434087,-13.074087,-12.554087,-12.604087,-11.394087,-9.684087,-9.104087,-9.014087,-8.594087,-9.154087,-9.054087,-9.324087,-9.554087,-9.044086,-8.174087,-7.134087,-6.324087,-5.794087,-5.4940867
5.975913,3.295913,1.7859131,0.71591306,-0.014086914,-1.9340869,-3.724087,-3.214087,-2.6340868,-2.6240869,-2.524087,-1.274087,0.2759131,1.6659131,3.0659132,4.475913,5.605913,6.345913,6.795913,6.795913,6.655913,5.165913,2.3459132,-0.8740869,-2.094087,-2.804087,-4.094087,-5.2840867,-4.944087,-3.6140869,-1.774087,-0.40408692,0.12591308,1.0159131,2.0759132,4.205913,-7.754087,-11.714087,-13.074087,-13.394087,-13.204087,-13.314087,-13.454087,-12.944087,-12.694087,-12.334087,-11.174087,-10.014087,-9.744087,-9.634087,-9.094087,-9.014087,-8.814087,-8.684087,-8.484087,-8.184087,-7.844087,-7.634087,-7.084087,-6.2440867
11.555913,8.105913,3.735913,0.7859131,-0.18408692,-0.5240869,-2.1740868,-4.404087,-3.524087,-2.294087,-1.534087,-0.5740869,0.3059131,1.1759131,2.305913,3.795913,4.995913,5.875913,6.415913,6.555913,6.285913,5.5259132,3.725913,-0.6340869,-4.0340867,-5.404087,-5.644087,-5.344087,-4.934087,-4.324087,-3.1340868,-1.6740869,-0.33408692,0.6759131,0.07591309,0.51591307,2.5659132,-6.644087,-10.864087,-12.034087,-12.204087,-11.874087,-12.184087,-11.734087,-11.894087,-12.224087,-11.624087,-11.014087,-10.284087,-9.7540865,-9.614087,-9.384087,-9.174087,-8.444087,-8.144087,-8.334087,-8.014087,-7.914087,-7.7240868,-7.184087
12.425913,12.475913,7.9459133,1.3059131,-0.7740869,-0.46408692,-1.7440869,-3.754087,-3.704087,-1.7140869,-0.72408694,-0.20408691,0.3959131,1.345913,2.3359132,3.495913,4.555913,5.415913,5.9459133,6.135913,5.7759132,5.315913,4.315913,2.445913,-3.314087,-6.874087,-7.144087,-7.424087,-6.624087,-5.934087,-4.7840867,-3.6640868,-2.594087,-1.634087,-0.6240869,-1.5840869,-2.344087,-1.7240869,-4.334087,-9.054087,-11.084087,-11.784087,-11.834087,-12.104087,-11.394087,-11.174087,-11.094087,-10.514087,-10.024087,-9.464087,-9.104087,-9.414087,-9.334087,-9.174087,-8.484087,-7.984087,-7.674087,-7.524087,-6.884087,-6.654087
11.295913,12.005913,12.355913,8.865913,0.5559131,-1.1140869,-2.224087,-2.3740869,-1.644087,-1.1040869,-0.79408693,-0.2540869,0.6259131,1.3859131,2.3559132,3.3959131,4.115913,4.815913,5.395913,5.575913,5.355913,4.635913,3.435913,1.9159131,-0.16408691,-4.324087,-8.884087,-8.934087,-8.704087,-7.914087,-6.9940867,-5.944087,-4.924087,-3.984087,-3.314087,-3.234087,-3.3640869,-4.184087,-5.104087,-6.114087,-7.754087,-9.054087,-10.2540865,-11.674087,-12.954087,-12.864087,-11.174087,-10.574087,-10.354087,-9.544086,-9.364087,-9.0040865,-9.074087,-8.954087,-8.764087,-8.644087,-8.184087,-7.5540867,-7.344087,-7.184087
9.7459135,9.575913,9.225913,9.475913,8.205914,0.58591306,-1.894087,-1.6640869,-1.5940869,-1.504087,-1.134087,-0.6840869,0.015913086,1.355913,2.725913,3.735913,4.375913,4.725913,5.0059133,5.205913,5.075913,4.545913,3.5959132,2.265913,0.14591308,-2.704087,-5.834087,-9.484087,-10.154087,-9.624087,-8.884087,-7.9740868,-6.834087,-5.944087,-5.174087,-3.994087,-4.924087,-5.4940867,-5.654087,-7.0140867,-7.684087,-8.064087,-8.894087,-9.414087,-10.564087,-11.164087,-11.064087,-11.224087,-11.044086,-10.314087,-9.704087,-9.174087,-9.134087,-9.544086,-9.414087,-8.674087,-8.324087,-8.034087,-7.874087,-7.524087
7.825913,7.1959133,6.7159133,6.365913,5.745913,5.425913,6.015913,4.625913,0.4659131,-3.074087,-3.6640868,-2.6640868,-0.9940869,0.6559131,2.1159132,3.245913,4.0059133,4.435913,4.745913,4.845913,4.675913,4.245913,3.665913,2.8659132,1.0359131,-1.754087,-5.464087,-8.034087,-10.214087,-10.844087,-10.834087,-10.024087,-8.284087,-7.114087,-6.424087,-5.934087,-5.4740868,-6.454087,-7.424087,-6.814087,-8.034087,-9.194087,-9.5040865,-9.544086,-9.444087,-9.134087,-8.874087,-9.184087,-9.704087,-10.164087,-10.274087,-10.2540865,-9.994087,-9.334087,-9.094087,-9.284087,-9.514087,-9.654087,-9.554087,-9.214087
7.045913,6.495913,5.535913,4.865913,4.225913,3.785913,3.665913,3.665913,3.445913,3.245913,2.765913,0.77591306,-1.0740869,-1.2340869,0.4559131,2.695913,3.965913,4.495913,4.515913,4.425913,4.155913,3.685913,3.3159132,2.495913,1.0659131,-1.2940869,-5.314087,-9.034087,-10.384087,-11.354087,-11.574087,-11.384087,-10.964087,-9.714087,-8.134087,-7.404087,-7.584087,-8.034087,-8.114087,-8.684087,-8.434087,-8.544086,-9.494087,-10.394087,-9.964087,-8.834087,-8.694087,-8.224087,-7.344087,-7.544087,-8.764087,-9.904087,-10.614087,-10.664087,-10.404087,-9.934087,-9.454087,-9.534087,-10.084087,-10.864087
4.9459133,4.405913,4.035913,3.735913,3.285913,3.3359132,3.3759131,3.3459132,3.485913,3.985913,3.905913,3.665913,3.1359131,2.8759131,3.185913,3.8659132,4.4459133,4.495913,4.1959133,3.955913,3.765913,3.485913,2.985913,2.465913,1.8759131,-0.7640869,-6.454087,-9.514087,-11.534087,-12.264087,-12.0040865,-10.714087,-11.294086,-10.854087,-10.094087,-9.334087,-8.724087,-9.314087,-9.894087,-10.054087,-10.024087,-9.834087,-9.324087,-8.984087,-9.434087,-9.624087,-9.344087,-8.934087,-8.174087,-7.414087,-7.094087,-7.714087,-9.104087,-10.334087,-10.7540865,-10.714087,-10.794086,-11.024087,-11.744087,-12.234087
3.465913,3.285913,3.185913,3.0959132,2.995913,2.8659132,2.6459131,2.275913,2.1359131,2.3259132,2.495913,2.3359132,2.3959131,3.165913,3.715913,3.775913,4.125913,4.325913,4.2759132,3.955913,3.655913,3.0859132,2.3659132,1.4359131,0.40591308,-1.4740869,-5.754087,-9.634087,-11.364087,-11.724087,-12.374087,-12.094087,-11.704087,-10.2540865,-9.124087,-9.314087,-8.494087,-8.364087,-8.554087,-8.594087,-8.704087,-8.244087,-8.7540865,-9.184087,-8.774087,-8.724087,-8.024087,-7.834087,-8.324087,-8.174087,-7.584087,-7.504087,-7.714087,-8.324087,-9.304087,-10.094087,-10.444087,-11.114087,-11.814087,-12.534087
2.3959131,2.155913,2.3659132,2.495913,2.485913,2.425913,2.295913,2.045913,1.8259131,1.7059131,1.7759131,1.975913,2.415913,3.015913,3.305913,3.3559132,3.435913,3.6359131,3.735913,3.735913,2.715913,1.7959131,0.7359131,-0.2940869,-1.4440869,-4.314087,-6.934087,-8.464087,-9.344087,-10.864087,-11.714087,-12.064087,-10.324087,-9.434087,-9.074087,-9.204087,-9.054087,-8.834087,-8.724087,-8.654087,-8.5040865,-8.394087,-7.964087,-7.564087,-7.584087,-7.9940867,-8.054087,-8.484087,-8.484087,-8.274087,-7.904087,-7.444087,-7.144087,-8.114087,-8.904087,-9.354087,-10.0040865,-11.054087,-12.044086,-12.674087
0.4959131,0.70591307,0.8759131,0.7959131,0.71591306,0.7259131,1.2059131,1.1959131,1.0859131,0.9059131,0.8559131,1.3259131,2.055913,2.465913,2.965913,3.695913,4.315913,4.645913,5.035913,5.045913,3.8759131,0.8059131,-2.294087,-3.004087,-3.4140868,-5.114087,-6.504087,-7.634087,-8.434087,-9.144087,-9.534087,-9.484087,-9.294086,-9.084087,-9.054087,-9.024087,-9.044086,-8.944087,-8.764087,-8.624087,-8.424087,-8.064087,-7.774087,-7.544087,-7.314087,-7.3040867,-7.634087,-8.034087,-8.244087,-8.074087,-7.624087,-7.364087,-7.394087,-7.434087,-7.634087,-8.914087,-9.594087,-10.024087,-10.104087,-11.064087
0.055913087,-0.044086915,0.025913086,0.115913086,0.17591308,0.20591308,0.19591309,-0.3540869,-0.73408693,-0.5640869,-0.2940869,0.07591309,0.7259131,1.9159131,3.295913,3.405913,3.935913,4.995913,5.175913,5.535913,6.035913,6.795913,7.565913,8.435913,7.9859133,2.905913,-2.734087,-6.274087,-7.274087,-7.564087,-8.354087,-8.714087,-8.704087,-8.714087,-8.874087,-8.904087,-8.834087,-8.704087,-8.664087,-8.554087,-8.464087,-8.384087,-8.164087,-7.954087,-7.7840867,-7.584087,-7.374087,-7.334087,-7.274087,-7.334087,-7.634087,-8.074087,-8.404087,-8.524087,-8.444087,-8.744087,-9.474087,-9.994087,-10.234087,-10.184087
