demo_assets/current-wind-surface-level-gfs-1.0.json
{"header": { "discipline":0, "disciplineName":"Meteorological products", "gribEdition":2, "gribLength":75094, "center":7, "centerName":"US National Weather Service - NCEP(WMC)", "subcenter":0, "refTime":"2017-09-21T18:00:00.000Z", "significanceOfRT":1, "significanceOfRTName":"Start of forecast", "productStatus":0, "productStatusName":"Operational products", "productType":1, "productTypeName":"Forecast products", "productDefinitionTemplate":0, "productDefinitionTemplateName":"Analysis/forecast at horizontal level/layer at a point in time", "parameterCategory":2, "parameterCategoryName":"Momentum", "parameterNumber":3, "parameterNumberName":"V-component_of_wind", "parameterUnit":"m.s-1", "genProcessType":2, "genProcessTypeName":"Forecast", "forecastTime":0, "surface1Type":103, "surface1TypeName":"Specified height level above ground", "surface1Value":10.0, "surface2Type":255, "surface2TypeName":"Missing", "surface2Value":0.0, "gridDefinitionTemplate":0, "gridDefinitionTemplateName":"Latitude_Longitude", "numberPoints":65160, "shape":6, "shapeName":"Earth spherical with radius of 6,371,229.0 m", "gridUnits":"degrees", "resolution":48, "winds":"true", "scanMode":0, "nx":360, "ny":181, "basicAngle":0, "lo1":0.0, "la1":90.0, "lo2":359.0, "la2":-90.0, "dx":1.0, "dy":1.0 }, "data":
[rows 130 to 155 of 181, columns 300 to 359 of 360]
-2.064087,-1.0740869,-2.6640868,-2.204087,-1.1040869,0.3659131,1.6659131,2.705913,3.045913,3.8459132,4.635913,5.065913,5.175913,5.545913,5.835913,4.425913,5.4459133,6.495913,7.0059133,7.1959133,6.035913,5.725913,4.265913,-1.9340869,-6.0340867,-7.504087,-8.784087,-8.414087,-7.584087,-7.204087,-7.314087,-7.084087,-7.4940867,-9.324087,-10.654087,-11.954087,-11.934087,-11.094087,-10.734087,-11.5040865,-11.644087,-10.994087,-9.884087,-8.614087,-7.444087,-6.434087,-5.104087,-3.464087,-1.654087,0.21591309,2.015913,3.415913,4.5059133,5.405913,6.085913,6.605913,7.035913,7.845913,8.595913,8.985913
-2.3740869,-1.524087,-2.344087,-3.534087,-2.844087,-0.8240869,1.5359131,2.5859132,2.8559132,3.3259132,3.8559132,3.985913,5.075913,6.085913,5.925913,6.175913,5.395913,3.995913,5.885913,6.9659133,7.165913,7.325913,6.765913,5.355913,3.3759131,-3.974087,-8.624087,-9.594087,-9.474087,-9.294086,-9.084087,-8.964087,-8.784087,-10.114087,-11.484087,-12.174087,-11.824087,-10.524087,-10.124087,-11.724087,-12.034087,-11.424087,-10.514087,-9.424087,-8.204087,-6.984087,-5.814087,-4.344087,-2.6040869,-0.7740869,0.9259131,2.285913,3.485913,4.615913,5.725913,6.365913,6.815913,7.365913,7.925913,8.655913
-1.0740869,-1.7340869,-2.234087,-3.754087,-4.0340867,-2.044087,0.5359131,2.025913,2.5759132,2.8859131,3.3259132,3.3959131,3.445913,3.985913,4.405913,4.825913,5.875913,6.915913,6.905913,6.655913,6.455913,6.395913,5.865913,4.9859133,4.675913,3.455913,-2.1840868,-7.674087,-10.444087,-10.974087,-11.244087,-11.334087,-10.974087,-11.044086,-11.994087,-12.344087,-12.284087,-11.344087,-10.664087,-11.864087,-11.494087,-10.874087,-10.704087,-9.824087,-8.764087,-7.594087,-6.5140867,-5.164087,-3.6340868,-1.8540869,-0.12408692,1.2959131,2.6459131,3.915913,5.075913,5.855913,6.4859133,7.2759132,8.015913,8.565913
-0.3540869,0.06591309,-0.46408692,-3.1540868,-4.414087,-2.984087,-0.3240869,1.2859131,2.3859131,3.155913,3.915913,4.315913,4.685913,5.115913,5.2559133,4.545913,4.2359133,4.375913,3.8359132,3.1359131,3.705913,4.825913,4.345913,3.025913,4.355913,4.455913,2.465913,-2.284087,-7.124087,-11.584087,-12.994087,-12.924087,-12.854087,-12.184087,-12.064087,-12.094087,-11.804087,-11.484087,-11.794086,-12.494087,-12.144087,-11.844087,-11.164087,-10.064087,-8.954087,-7.7840867,-6.734087,-5.434087,-4.2240868,-2.6340868,-1.0840869,0.5959131,1.9259131,3.405913,4.515913,5.165913,6.075913,6.9459133,7.765913,8.215913
-0.6940869,-0.66408694,-1.264087,-2.044087,-3.1240869,-3.304087,-1.6940869,-0.6840869,0.8159131,1.8959131,2.995913,4.045913,4.975913,5.655913,6.0259132,5.345913,5.305913,5.725913,5.925913,5.875913,5.635913,4.5059133,2.475913,2.8159132,3.5959132,2.445913,2.675913,1.615913,-2.264087,-7.964087,-12.104087,-13.904087,-14.234087,-13.614087,-12.574087,-13.034087,-13.034087,-12.834087,-12.014087,-11.844087,-12.494087,-12.404087,-11.804087,-10.854087,-9.7540865,-8.284087,-7.204087,-5.914087,-4.584087,-3.094087,-1.534087,0.38591307,1.7559131,3.305913,4.435913,5.285913,6.115913,6.975913,7.605913,8.175913
-2.3640869,-2.4340868,-2.244087,-1.9940869,-2.824087,-3.754087,-3.6740868,-2.004087,-0.23408692,0.8459131,1.985913,3.265913,4.425913,5.345913,5.7359133,5.365913,5.665913,6.2759132,6.425913,6.685913,6.895913,6.565913,5.935913,4.665913,2.905913,2.185913,0.6559131,-0.43408692,-1.7240869,-4.594087,-10.354087,-13.994087,-15.544086,-14.864087,-14.0040865,-12.594087,-12.474087,-13.774087,-13.414087,-12.664087,-12.524087,-12.144087,-11.584087,-10.964087,-9.834087,-8.674087,-7.694087,-6.394087,-5.024087,-3.4340868,-1.894087,-0.3540869,1.235913,2.755913,3.955913,5.155913,6.285913,7.125913,7.455913,7.335913
-2.574087,-2.494087,-2.994087,-3.534087,-4.164087,-4.714087,-4.894087,-3.784087,-2.794087,-1.6740869,-0.21408692,1.5759131,3.155913,4.365913,4.555913,5.065913,5.395913,5.895913,6.895913,7.5259132,7.545913,7.9459133,7.7359133,6.7759132,5.615913,4.605913,2.5959132,0.5459131,-1.894087,-4.194087,-8.884087,-12.5040865,-15.854087,-16.594088,-16.474087,-15.614087,-14.164087,-13.794086,-12.834087,-11.124087,-11.554087,-12.344087,-10.764087,-9.904087,-9.5040865,-8.714087,-8.744087,-7.594087,-5.894087,-4.874087,-3.6340868,-2.054087,-0.72408694,1.2959131,2.795913,4.515913,5.5259132,6.2159133,6.875913,7.535913
-2.204087,-2.274087,-2.594087,-2.954087,-3.474087,-4.4940867,-5.084087,-4.814087,-4.4740868,-3.454087,-1.9540869,0.045913085,2.045913,3.415913,4.225913,4.875913,5.245913,6.555913,7.685913,8.385913,8.475913,8.265913,7.925913,7.605913,7.245913,6.565913,5.365913,3.435913,1.1559131,-2.804087,-7.544087,-12.374087,-14.994087,-17.294086,-18.004087,-17.104088,-15.964087,-14.444087,-13.374087,-12.774087,-12.054087,-12.304087,-12.134087,-11.414087,-10.474087,-10.0040865,-8.724087,-6.884087,-6.204087,-5.434087,-4.324087,-3.274087,-1.8740869,-0.6740869,1.215913,3.6459131,5.065913,6.185913,7.0059133,7.705913
-2.094087,-2.1140869,-2.1240869,-2.3840868,-3.044087,-4.0340867,-5.154087,-6.154087,-6.2440867,-5.2640867,-3.514087,-1.2340869,0.9159131,2.6359131,4.355913,5.2159133,5.805913,6.865913,8.445913,8.805913,9.115913,9.2459135,9.095913,8.9959135,8.405913,7.295913,5.815913,4.2159133,2.665913,0.21591309,-6.114087,-11.894087,-14.574087,-17.254087,-19.184088,-19.244087,-17.534086,-16.264088,-14.884087,-13.514087,-13.324087,-12.484087,-10.694087,-9.974087,-9.944087,-9.794086,-8.814087,-8.144087,-7.394087,-6.374087,-5.334087,-3.754087,-2.454087,-1.5740869,1.1959131,3.3459132,5.0059133,6.035913,7.015913,8.135913
-1.384087,-1.014087,-0.9040869,-1.154087,-2.004087,-3.1640868,-4.314087,-5.334087,-6.2240868,-6.584087,-5.684087,-3.284087,-0.53408694,1.365913,3.0959132,4.045913,4.315913,5.4459133,7.585913,9.2459135,8.975913,7.665913,7.975913,8.945913,8.725913,7.765913,5.6959133,3.215913,2.3659132,1.495913,-1.4440869,-9.924087,-14.5040865,-16.744087,-18.864086,-19.894087,-19.884087,-18.564087,-17.594088,-16.484087,-15.404087,-13.884087,-11.494087,-10.024087,-9.794086,-9.084087,-8.544086,-8.084087,-6.664087,-5.374087,-4.864087,-4.2840867,-3.3540869,-1.9840869,0.4359131,2.505913,3.915913,5.245913,6.605913,7.865913
-1.8540869,-1.3140869,-0.9940869,-0.9440869,-1.1740869,-1.8340869,-3.1240869,-4.414087,-5.294087,-5.824087,-5.714087,-4.5540867,-2.454087,0.2759131,1.365913,1.975913,3.0759132,4.665913,7.2759132,8.065913,8.385913,9.695913,10.165913,9.925913,8.755913,7.495913,5.065913,2.205913,0.76591307,0.035913087,-1.884087,-6.664087,-13.714087,-16.064087,-18.244087,-19.404087,-19.144087,-18.864086,-17.314087,-15.704087,-15.304087,-14.904087,-13.084087,-11.674087,-10.544086,-9.384087,-8.394087,-7.574087,-6.884087,-6.174087,-5.574087,-5.0140867,-4.154087,-2.834087,-1.2140869,0.9859131,2.5759132,3.955913,5.385913,6.765913
-1.2440869,-1.0640869,-1.134087,-1.3140869,-1.0440869,-1.0640869,-1.4740869,-2.594087,-4.134087,-5.424087,-5.5540867,-4.594087,-3.1040869,-0.8840869,0.8059131,1.1859131,1.9359131,5.655913,8.515913,8.815913,9.815913,11.255913,12.015913,12.075913,11.035913,8.045913,3.5859132,0.025913086,-1.3540869,-1.0440869,-1.5840869,-5.114087,-10.704087,-14.624087,-16.404087,-16.924088,-16.494087,-16.194086,-15.694087,-14.594087,-14.084087,-13.524087,-12.934087,-12.344087,-11.444087,-10.434087,-9.214087,-8.204087,-7.2840867,-6.604087,-5.894087,-5.324087,-4.694087,-3.284087,-1.1740869,0.5759131,1.8359131,3.185913,4.665913,5.795913
-0.20408691,0.8159131,2.925913,3.265913,2.0959132,0.6359131,-0.4740869,-1.4340869,-2.754087,-4.094087,-4.7640867,-4.344087,-2.704087,-0.7740869,0.5059131,0.9459131,3.045913,5.925913,7.885913,9.475913,11.705914,13.145913,14.425913,14.815913,13.435913,9.265913,3.025913,-0.7640869,-2.024087,-1.5540869,-1.9640869,-5.114087,-8.884087,-12.134087,-14.034087,-14.104087,-14.214087,-15.034087,-14.914087,-14.484087,-13.544086,-12.954087,-12.594087,-11.974087,-10.694087,-9.534087,-8.854087,-7.484087,-6.774087,-6.204087,-5.904087,-5.5140867,-4.544087,-3.074087,-1.0640869,0.5759131,1.8259131,3.1159132,4.115913,4.885913
-1.4640869,-0.2540869,0.16591309,0.3659131,0.52591306,0.3659131,-0.2540869,-1.0740869,-2.024087,-3.214087,-4.144087,-3.964087,-2.8540869,-1.5740869,-1.4840869,-1.764087,1.0559131,4.645913,7.435913,10.515913,12.675913,14.455914,16.455914,17.695913,14.465913,7.7359133,3.435913,0.7359131,-0.30408692,-0.6140869,-1.6040869,-4.604087,-7.964087,-11.134087,-12.7540865,-13.724087,-14.084087,-13.954087,-13.674087,-13.474087,-13.194087,-12.904087,-12.214087,-11.344087,-10.894087,-9.174087,-7.674087,-6.844087,-6.504087,-6.144087,-5.564087,-4.544087,-3.784087,-2.444087,-0.7740869,0.7859131,2.225913,3.285913,4.0259132,4.925913
-1.4840869,-0.73408693,-0.23408692,0.055913087,0.14591308,0.28591308,0.24591309,-0.12408692,-0.78408694,-2.054087,-3.3740869,-3.954087,-3.3940868,-2.4340868,-3.214087,-2.9040868,0.045913085,3.8159132,7.065913,10.205914,12.655913,14.795913,17.345913,18.535913,8.075913,16.345913,9.505913,3.3359132,1.1359131,0.23591308,-1.154087,-3.994087,-7.194087,-8.954087,-10.644087,-11.474087,-11.734087,-11.744087,-12.084087,-12.304087,-12.484087,-12.044086,-12.034087,-11.014087,-9.5040865,-8.474087,-7.774087,-7.084087,-6.314087,-5.564087,-4.754087,-3.8940868,-2.974087,-1.6140869,-0.08408692,1.5459131,2.725913,3.3259132,4.245913,5.045913
-2.314087,-0.9040869,0.20591308,0.77591306,0.8859131,0.7559131,0.83591306,0.8559131,-0.044086915,-1.1740869,-2.084087,-3.1340868,-3.3840868,-3.594087,-4.574087,-3.724087,-1.4440869,1.735913,4.765913,7.9459133,11.195913,13.565913,15.125913,15.295913,13.4959135,16.345913,13.145913,7.295913,2.3459132,-0.014086914,-0.8140869,-3.304087,-6.234087,-8.574087,-10.174087,-11.014087,-11.034087,-11.134087,-10.924087,-10.834087,-10.654087,-10.584087,-9.954087,-9.404087,-9.034087,-8.544086,-7.794087,-6.9940867,-6.334087,-5.484087,-4.4940867,-3.3940868,-2.3740869,-1.1040869,0.8659131,1.9359131,2.5759132,3.275913,4.055913,4.975913
-3.194087,-1.754087,0.12591308,0.8759131,0.6359131,0.2759131,0.76591307,1.6959131,1.3859131,0.23591308,-1.8540869,-3.444087,-3.784087,-5.144087,-5.424087,-4.434087,-2.9340868,-0.5940869,2.6059132,5.745913,8.235913,11.145913,13.545913,15.255913,16.625914,17.305914,16.185913,13.425913,6.585913,0.10591309,-0.024086915,-1.784087,-4.394087,-6.684087,-9.354087,-10.854087,-11.604087,-12.014087,-11.334087,-10.724087,-9.784087,-8.984087,-8.684087,-8.554087,-8.344087,-7.924087,-7.344087,-6.794087,-6.2240868,-5.924087,-5.5340867,-3.984087,-2.1140869,-0.17408691,0.6259131,1.0759131,2.035913,2.185913,2.175913,3.8559132
-3.234087,-2.504087,-1.5740869,-1.0740869,-0.79408693,-0.5740869,-0.5540869,-0.5940869,-1.1040869,-2.324087,-3.4340868,-4.144087,-4.3040867,-4.934087,-5.4740868,-4.954087,-4.0140867,-2.4240868,0.14591308,3.025913,5.385913,7.685913,10.625913,12.215913,13.515913,14.555913,14.675913,13.545913,11.595913,7.245913,2.425913,1.345913,-0.4740869,-2.964087,-5.0340867,-7.414087,-10.044086,-11.104087,-10.234087,-8.154087,-7.954087,-8.114087,-7.344087,-6.374087,-5.834087,-6.594087,-5.234087,-5.694087,-6.114087,-6.084087,-4.5540867,-2.944087,-1.7440869,-0.9340869,-0.054086912,1.2559131,1.845913,2.515913,3.285913,4.435913
-1.3340869,-0.72408694,-0.14408691,0.4259131,0.8159131,1.0759131,1.2059131,0.5659131,-0.8640869,-2.574087,-4.4740868,-5.434087,-5.444087,-4.964087,-4.714087,-4.4940867,-4.434087,-3.944087,-2.714087,-0.6540869,1.865913,3.8259132,5.2359133,7.545913,8.505913,9.185913,9.7459135,10.095913,8.955914,6.745913,4.825913,2.225913,-0.054086912,-1.5940869,-3.334087,-4.634087,-5.104087,-5.5540867,-6.104087,-5.714087,-5.984087,-6.114087,-6.2240868,-6.414087,-6.084087,-5.544087,-6.184087,-6.884087,-5.8040867,-5.2440867,-4.254087,-2.964087,-1.7340869,-0.53408694,0.4859131,1.105913,1.595913,2.255913,3.1159132,3.8759131
-0.8340869,0.35591307,1.5559131,2.545913,3.1059132,3.805913,2.795913,1.5659131,0.32591307,-1.514087,-3.774087,-5.874087,-6.634087,-6.404087,-5.684087,-4.564087,-4.184087,-4.404087,-3.9240868,-3.514087,-2.744087,-1.034087,0.5459131,1.7659131,3.6459131,5.165913,6.2559133,5.5059133,4.655913,4.155913,2.8459132,1.2759131,-0.2940869,-1.764087,-2.964087,-3.8940868,-4.5540867,-4.734087,-4.774087,-4.904087,-5.104087,-5.164087,-5.444087,-5.5140867,-5.654087,-5.854087,-5.964087,-5.294087,-4.834087,-4.204087,-2.844087,-2.1840868,-1.4340869,-0.78408694,-0.054086912,0.4959131,1.2559131,1.5659131,0.95591307,1.8059131
0.8759131,2.005913,3.1059132,4.045913,4.7759132,5.1959133,4.9859133,4.135913,2.255913,0.23591308,-1.9740869,-4.424087,-6.394087,-6.704087,-6.314087,-5.814087,-5.2840867,-4.864087,-4.614087,-4.294087,-3.824087,-3.054087,-2.294087,-2.294087,-1.284087,0.41591308,1.3759131,1.995913,1.4059131,0.37591308,-0.11408691,-0.66408694,-1.384087,-2.194087,-3.004087,-3.6140869,-4.154087,-4.384087,-4.634087,-5.3040867,-5.954087,-6.454087,-6.194087,-6.044087,-6.024087,-6.2840867,-5.7240868,-5.234087,-4.644087,-4.654087,-3.464087,-2.344087,-1.5540869,-1.014087,-0.5740869,0.52591306,1.3059131,1.2659131,1.4459131,1.985913
0.5359131,1.6959131,2.8259132,3.925913,4.315913,4.675913,4.135913,2.8459132,2.055913,0.2959131,-1.3640869,-3.6140869,-6.044087,-7.434087,-8.164087,-7.0540867,-6.904087,-6.074087,-5.414087,-5.194087,-4.824087,-4.024087,-3.6440868,-3.6840868,-3.734087,-2.6740868,-1.6840869,-1.3340869,-1.274087,-1.3740869,-1.6140869,-2.014087,-2.254087,-2.764087,-3.254087,-3.554087,-3.994087,-4.634087,-5.464087,-6.4740868,-6.884087,-6.714087,-5.854087,-6.274087,-6.344087,-4.814087,-4.084087,-3.984087,-4.714087,-3.724087,-3.1140869,-2.3740869,-1.5540869,-0.8340869,-0.3540869,0.2759131,0.8259131,1.2759131,1.9059131,1.8959131
-0.8240869,0.5059131,0.6759131,1.865913,3.6259131,3.955913,3.415913,2.8559132,2.3159132,1.1559131,-0.6240869,-2.8940868,-5.414087,-7.424087,-8.364087,-8.294086,-7.654087,-6.774087,-5.984087,-5.674087,-5.4940867,-5.2840867,-5.2440867,-5.324087,-5.2440867,-4.674087,-3.9340868,-3.484087,-3.074087,-2.974087,-2.8840868,-3.1240869,-3.3740869,-3.274087,-3.464087,-3.824087,-4.344087,-5.2840867,-6.7840867,-7.424087,-6.8040867,-6.3040867,-6.164087,-6.2840867,-6.4740868,-6.164087,-5.484087,-5.364087,-5.174087,-3.974087,-3.314087,-2.4140868,-1.5940869,-0.7440869,-0.07408691,0.4259131,0.8059131,1.1959131,1.7059131,1.8959131
-2.244087,-0.6740869,2.8459132,2.6259131,1.2859131,1.1959131,2.0859132,2.555913,2.525913,1.7659131,0.83591306,-0.9440869,-3.6340868,-6.374087,-7.934087,-8.734087,-9.074087,-8.434087,-7.644087,-6.9940867,-6.444087,-6.2840867,-6.614087,-6.604087,-6.134087,-5.754087,-5.674087,-5.364087,-4.854087,-4.3040867,-4.044087,-4.254087,-4.5140867,-4.0340867,-3.6540868,-3.8640869,-4.654087,-6.354087,-7.0140867,-7.064087,-7.154087,-6.774087,-6.2440867,-6.544087,-6.324087,-5.664087,-5.384087,-5.134087,-4.574087,-4.234087,-3.544087,-2.744087,-1.904087,-0.9440869,-0.15408692,0.6359131,1.5559131,2.0959132,2.1359131,2.045913
-2.4040868,-4.4740868,-3.974087,-3.524087,0.5559131,1.9359131,3.0659132,3.8459132,4.605913,5.515913,6.085913,3.715913,-1.6040869,-5.184087,-7.394087,-8.644087,-9.0040865,-9.354087,-9.444087,-8.794086,-8.294086,-7.884087,-7.734087,-7.434087,-7.314087,-7.274087,-6.7840867,-6.634087,-6.674087,-6.354087,-5.7440867,-5.8040867,-6.644087,-6.124087,-4.964087,-5.314087,-6.3040867,-6.814087,-7.364087,-7.204087,-6.714087,-6.624087,-6.524087,-6.354087,-6.314087,-5.964087,-5.5340867,-4.484087,-4.0540867,-3.834087,-3.514087,-2.9340868,-1.9840869,-0.98408693,-0.19408691,0.41591308,1.3159131,2.225913,2.685913,3.735913
-1.5940869,-1.9940869,-0.40408692,-0.1340869,1.5059131,3.955913,4.815913,4.0059133,3.8759131,4.1959133,4.585913,4.955913,4.555913,0.6359131,-5.214087,-8.104087,-9.364087,-9.894087,-9.954087,-9.954087,-9.994087,-9.894087,-9.134087,-8.744087,-8.904087,-8.814087,-8.544086,-7.944087,-7.5140867,-7.4940867,-7.574087,-7.434087,-7.4940867,-8.014087,-7.674087,-6.774087,-6.4740868,-7.2640867,-7.944087,-8.134087,-8.124087,-7.934087,-7.454087,-7.084087,-6.7640867,-6.394087,-5.754087,-4.824087,-4.344087,-4.134087,-3.744087,-3.1140869,-2.194087,-1.2440869,-0.33408692,0.8059131,1.8059131,2.535913,3.285913,4.455913
