demo_assets/current-wind-surface-level-gfs-1.0.json
{"header": { "discipline":0, "disciplineName":"Meteorological products", "gribEdition":2, "gribLength":74938, "center":7, "centerName":"US National Weather Service - NCEP(WMC)", "subcenter":0, "refTime":"2017-09-21T18:00:00.000Z", "significanceOfRT":1, "significanceOfRTName":"Start of forecast", "productStatus":0, "productStatusName":"Operational products", "productType":1, "productTypeName":"Forecast products", "productDefinitionTemplate":0, "productDefinitionTemplateName":"Analysis/forecast at horizontal level/layer at a point in time", "parameterCategory":2, "parameterCategoryName":"Momentum", "parameterNumber":2, "parameterNumberName":"U-component_of_wind", "parameterUnit":"m.s-1", "genProcessType":2, "genProcessTypeName":"Forecast", "forecastTime":0, "surface1Type":103, "surface1TypeName":"Specified height level above ground", "surface1Value":10.0, "surface2Type":255, "surface2TypeName":"Missing", "surface2Value":0.0, "gridDefinitionTemplate":0, "gridDefinitionTemplateName":"Latitude_Longitude", "numberPoints":65160, "shape":6, "shapeName":"Earth spherical with radius of 6,371,229.0 m", "gridUnits":"degrees", "resolution":48, "winds":"true", "scanMode":0, "nx":360, "ny":181, "basicAngle":0, "lo1":0.0, "la1":90.0, "lo2":359.0, "la2":-90.0, "dx":1.0, "dy":1.0 }, "data":
[rows 26 to 51 of 181, columns 285 to 341 of 360]
-2.9989479,-1.7389477,-0.018947754,0.39105225,1.2210523,2.6010523,0.45105225,1.2710522,3.5910523,3.4010522,-1.5589478,-2.4789476,-1.0589478,-0.86894774,-1.0189477,-1.0189477,-0.61894774,-0.068947755,0.7210522,1.4710523,2.0710523,3.0710523,4.0610523,4.531052,0.6110523,-0.6489478,0.17105225,-2.0889478,-3.0789478,-3.3789477,-4.138948,-2.6189477,0.18105225,-0.24894775,-0.45894775,-1.6489477,-3.0689478,-3.7789478,-6.9189477,-7.9589477,-8.698948,-10.488948,-12.488948,-14.028948,-14.738948,-14.648948,-14.318948,-13.408948,-12.248948,-11.108948,-10.228948,-9.848948,-8.848948,-7.7689476,-8.038948,-7.138948,-11.058948
-7.8089476,-6.718948,-4.9189477,-3.4989479,-3.0389478,-2.8289478,0.74105227,2.6510522,-2.8989477,-0.6489478,0.65105224,-0.8989478,-0.12894775,-0.07894775,-0.66894776,-0.80894774,-0.5889478,-0.35894775,0.011052246,0.68105227,1.5410522,2.9410522,4.3710523,5.511052,6.411052,2.1810522,-2.5689478,-3.1089478,-4.408948,-3.4189477,-3.4289477,-0.5189478,1.2510523,-1.4589478,-1.6489477,-1.0589478,-2.5289478,-1.8189478,-2.5889478,-4.028948,-5.0189476,-6.278948,-9.468947,-11.248948,-12.758947,-14.458948,-14.488948,-13.048947,-11.468947,-10.848948,-9.348948,-6.3789477,-2.3889477,1.6310523,4.3710523,4.8310523,1.9710523
-3.1089478,-2.3589478,-3.8489478,-5.488948,-4.6089478,-3.3089478,-2.7989478,-0.27894774,2.4310522,1.2210523,0.051052246,0.011052246,-0.008947754,-0.08894775,-0.62894773,-0.91894776,-0.7689478,-0.8389478,-0.34894776,0.57105225,1.7610523,3.3810523,4.9410524,6.2910523,5.6910524,3.8710523,0.17105225,-2.4989479,-4.318948,-4.3989477,-3.6789477,0.24105224,1.6110523,0.62105227,0.26105225,-0.9489477,-0.84894776,1.2710522,2.6510522,4.2910523,3.3510523,3.1410522,3.8010523,3.3610523,1.9410522,-0.008947754,-1.6189477,-1.8989477,-3.3089478,-2.6989477,-2.2289476,-2.3989477,-2.0189478,-1.0589478,0.51105225,2.0110521,3.0310524
-6.7889476,-5.8989477,-4.3289475,-2.2989478,-2.1389477,-3.7589478,-2.4289477,-1.8889477,0.09105225,-0.49894774,-0.92894775,0.021052247,-0.18894775,0.011052246,-0.21894775,-0.27894774,-0.44894776,-0.14894776,0.44105226,1.0310522,2.3710523,3.8210523,5.3310523,6.7110524,6.8510523,6.2710524,4.591052,-0.23894775,-3.4889479,0.58105224,-0.46894777,-1.1589477,-0.84894776,-1.7989478,-0.8889477,-2.5489478,0.53105223,3.3110523,5.7110524,8.041052,10.671052,12.821053,14.141052,14.761052,14.901052,14.631052,13.491053,11.311052,9.631052,6.7310524,5.3310523,4.3510523,3.0710523,2.1910522,1.2310523,1.3610523,1.2710522
-8.758947,-7.5189476,-6.678948,-5.698948,-5.1689477,-4.5989475,-4.2889476,-2.5389478,-1.5089477,-0.5289478,1.5510522,-2.7689478,1.6910522,1.5210522,2.1310523,1.1110523,1.6910522,2.2010522,1.5910523,1.7110523,2.5510523,3.3510523,4.431052,5.8510523,6.7310524,7.201052,7.6010523,6.7910523,4.931052,2.8410523,2.2110522,-2.2989478,-1.2289478,-2.4989479,-2.3089478,-0.058947753,2.4910522,4.571052,6.321052,8.191052,10.151052,11.8610525,13.261052,14.381052,15.141052,15.161053,14.801052,14.011052,13.1110525,11.851052,10.261052,8.561052,6.431052,4.9610524,3.0610523,1.6510522,0.29105225
-8.308948,-8.078948,-7.258948,-6.8489475,-5.568948,-3.9989479,-4.5989475,-4.3789477,-1.1489477,0.28105223,1.6010523,0.43105224,-1.9689478,1.0510522,2.8010523,3.8010523,2.3810523,2.2110522,2.0710523,1.7510523,1.6910522,1.3910522,1.4510522,1.7410523,2.6810522,3.8810523,5.091052,5.591052,5.031052,3.9110522,3.1710522,3.8110523,2.4110522,3.3010523,4.161052,4.2710524,4.531052,5.2510524,6.0210524,7.011052,8.211052,9.391052,10.431052,11.251052,11.971052,12.691052,13.311052,13.421052,12.741053,11.581052,10.511052,9.241053,7.591052,6.1410522,4.281052,2.4310522,1.2110523
-5.1289477,-5.7289476,-5.798948,-5.3989477,-5.138948,-4.2689476,-2.8889477,-1.8589478,-0.30894774,0.13105224,1.7910522,2.4910522,-1.2289478,-0.36894774,3.3010523,3.3010523,3.3610523,1.9210522,1.6910522,0.51105225,-0.37894776,-0.98894775,-1.7589477,-2.3489478,-2.5689478,-2.7689478,-2.8489478,-2.4389477,-1.9889477,-1.6789478,-1.3189478,-0.5889478,0.9710522,1.9610523,2.2010522,2.6610522,2.9610522,3.3010523,3.8010523,4.5410523,5.381052,5.9810524,6.6210523,7.361052,8.031053,8.841052,9.431052,9.941052,9.931052,9.6110525,9.121052,8.3610525,7.361052,6.031052,4.4410524,3.1510522,3.3910522
4.471052,0.43105224,-3.2589478,-4.468948,-3.7989478,-2.9489477,-2.6889477,-2.0189478,-1.2989478,0.51105225,1.1910522,2.8110523,1.4910523,-1.2289478,0.83105224,3.4310522,3.7910523,3.4910522,1.9810523,-0.08894775,-1.0789478,-2.0389478,-2.8589478,-3.3089478,-3.3789477,-3.1189477,-2.5789478,-2.6089478,-3.6289477,-4.1689477,-3.8689477,-3.4189477,-2.9489477,-2.4489477,-2.1789477,-1.8989477,-1.4389478,-0.5289478,0.39105225,1.0110523,2.0210524,2.7810524,3.6410522,4.5410523,5.1410522,5.741052,6.491052,7.1510525,7.531052,7.611052,7.571052,7.161052,6.4010525,5.511052,4.4610524,4.131052,3.4510522
7.3710523,5.801052,2.8210523,0.7210522,-1.8689477,-1.1489477,-0.73894775,-0.80894774,-0.48894775,0.14105225,1.5410522,2.9610522,2.5110521,-1.9089477,-2.9289477,3.1610522,3.3710523,4.841052,4.8510523,1.9510522,0.30105224,-1.3989477,-2.8089478,-2.6889477,-2.6189477,-4.408948,-5.1889477,-3.9489477,-2.9789476,-3.9989479,-4.8489475,-5.178948,-5.908948,-6.048948,-5.9789476,-5.7089477,-5.2089477,-4.4989476,-3.5189478,-2.3289478,-1.1689477,-0.19894776,0.8610523,2.0010521,3.1010523,4.1010523,4.9610524,5.5610523,5.9610524,6.2310524,6.091052,5.801052,5.4210525,5.0610523,5.011052,5.511052,5.8910522
7.9210525,5.9210525,4.991052,1.9310522,1.2410523,0.0010522461,0.16105224,0.6010522,1.0510522,1.5410522,1.3710523,2.1110523,2.7410522,0.13105224,-0.43894777,0.10105225,4.451052,6.681052,6.281052,6.281052,4.6210523,4.181052,4.221052,4.3110523,3.0310524,2.1010523,-1.8489478,-4.2489476,-4.5389476,-5.158948,-6.0189476,-7.468948,-8.368948,-9.1389475,-9.618948,-9.728948,-9.358948,-8.598948,-7.6489477,-6.568948,-5.4589477,-4.3289475,-3.1189477,-1.7489477,-0.24894775,1.1410522,2.2610521,3.0510523,3.5410523,3.7210522,3.7410522,3.8210523,4.0210524,4.361052,5.1510525,6.201052,7.321052
6.051052,4.681052,4.431052,3.6210523,2.0310524,0.82105225,0.40105224,1.4610523,1.7410523,2.0310524,0.12105224,1.8410523,3.1310523,1.5910523,0.041052245,1.1410522,1.6910522,3.4110522,6.8710523,8.051052,7.0210524,6.241052,6.6910524,6.431052,4.9410524,3.0010521,2.1710522,-3.2889478,-5.0389476,-5.868948,-7.4789476,-9.038948,-11.178947,-12.028948,-12.618948,-13.248948,-12.668948,-11.828948,-10.778948,-9.348948,-7.7489476,-6.1889477,-4.7289476,-3.4489477,-2.3389478,-1.3489478,-0.43894777,0.28105223,0.93105227,1.3110522,1.5510522,1.9310522,2.5310524,3.6010523,4.971052,6.5010524,8.131052
5.051052,4.411052,3.9810522,2.7810524,2.6210523,1.2610523,1.9010522,1.6410522,1.5710522,1.7310523,1.3710523,1.3610523,2.1210523,1.7710522,0.37105224,0.83105224,2.7410522,2.3310523,3.1710522,4.6510525,9.331052,7.2710524,6.221052,5.8710523,6.4810524,5.1010523,5.1910524,-0.92894775,-4.8289475,-5.9589477,-7.3989477,-9.368948,-12.108948,-13.098948,-15.938948,-15.938948,-16.378948,-16.218948,-15.188948,-12.798947,-10.418948,-8.758947,-7.368948,-6.0989475,-4.888948,-3.6989477,-2.7489479,-2.1289477,-1.4689478,-0.79894775,-0.008947754,0.87105227,1.8010522,2.9310522,4.2310524,5.201052,5.4010525
2.7810524,2.7710524,2.0710523,2.3610523,1.7010522,0.71105224,0.31105223,2.0910523,1.3710523,1.8010522,1.3410523,1.4910523,1.3110522,1.4010522,1.0510522,1.2710522,2.4710522,3.1110523,4.551052,4.091052,4.7310524,7.4610524,6.571052,6.4010525,7.321052,8.531053,6.1510525,9.831052,-1.3289478,-2.4589477,-1.3289478,-0.22894776,0.28105223,-0.07894775,0.7910522,1.2010522,2.1210523,3.7710524,6.0810523,7.8110523,3.0410523,-5.428948,-10.548947,-9.348948,-5.238948,-4.758948,-4.318948,-2.8389478,-1.0689478,0.14105225,1.0210522,1.8910522,2.4410522,1.7910522,0.33105224,-0.74894774,-3.7289476
4.511052,1.9310522,1.8110522,1.6310523,1.0310522,2.0010521,1.0210522,1.6210523,1.6410522,1.1910522,0.81105226,0.82105225,0.95105225,0.43105224,1.1610522,1.1610522,1.3610523,3.1310523,4.241052,3.3010523,3.0310524,6.531052,8.331052,8.041052,7.3910522,8.961052,10.561052,8.951053,12.191052,12.381052,9.301052,5.6410522,5.6710525,5.281052,7.3710523,6.321052,5.261052,5.8910522,6.801052,7.341052,8.001052,8.261052,9.191052,9.871052,3.7210522,-7.428948,-6.1889477,-2.2689478,-2.1489477,-1.5589478,-0.50894773,0.33105224,0.30105224,-0.19894776,-0.90894777,3.2610521,13.881052
2.1710522,1.3410523,0.45105225,0.5510523,0.64105225,0.9710522,1.2410523,1.9110522,-0.60894775,3.8710523,5.761052,4.551052,4.951052,5.7910523,3.0010521,3.0010521,2.2010522,2.2910523,4.361052,3.3310523,4.701052,5.411052,6.7310524,9.561052,8.271052,7.9610524,10.041052,10.531053,11.511052,12.381052,13.381052,11.511052,10.231052,9.061052,5.5210524,3.2810524,2.5910523,5.4010525,5.6410522,4.631052,5.0010524,5.991052,7.5810523,10.291052,12.691052,12.771052,12.251052,7.841052,0.7210522,-0.7789478,1.5410522,4.301052,8.311052,12.901052,16.001053,16.201052,14.921052
1.2810522,1.7410523,-0.79894775,-0.49894774,1.4810523,-0.8289478,-1.4289478,-3.2689478,-0.60894775,0.47105226,0.77105224,2.9310522,5.6710525,0.5410522,1.6110523,1.0510522,-0.36894774,1.8310523,3.2210522,1.8010522,1.5110523,3.5210524,6.1210523,8.321053,8.831052,6.9410524,8.711052,10.271052,11.231052,12.271052,12.601052,13.371052,13.201053,11.161053,10.311052,2.3510523,-0.24894775,3.8410523,5.0610523,5.6710525,5.5610523,6.1010523,7.8310523,8.851052,9.081052,10.781053,13.131052,14.421052,14.191052,13.801052,13.561052,13.461052,14.201053,14.641052,14.751052,14.521052,14.371052
1.3910522,0.6010522,0.7910522,1.4310522,-0.8289478,-1.7989478,-0.37894776,-0.80894774,0.041052245,-0.7789478,-1.9389478,-1.6689477,0.7210522,0.9110522,1.3310523,1.8010522,2.1610522,3.6710522,2.6010523,2.2910523,2.9510522,2.7110522,2.1110523,7.0210524,8.601052,8.161053,7.571052,9.571053,10.481052,11.231052,12.261052,13.781053,13.731052,14.331052,14.991053,8.491053,2.5010521,2.7510521,5.681052,6.2110524,5.761052,6.5010524,7.931052,7.9210525,7.841052,9.161053,11.121052,12.191052,13.181052,14.051052,14.331052,14.001052,13.891052,13.901052,14.1110525,13.551052,12.831052
0.8610523,-0.43894777,-0.85894775,-0.60894775,-2.6489477,-1.1189477,-2.2189476,-1.8589478,-1.6489477,-2.5189478,-3.1489477,-2.2189476,-1.3589478,-0.81894773,-0.16894776,2.4710522,4.451052,4.7310524,5.5210524,5.0210524,3.3810523,3.7910523,2.0210524,3.6210523,7.741052,8.901052,9.501052,9.271052,9.841052,11.661053,12.411053,13.321053,14.251052,16.021051,15.921052,13.731052,6.011052,5.2310524,7.051052,7.6710525,6.631052,6.631052,7.5410523,7.7310524,8.101052,9.011052,10.391052,11.411053,11.661053,11.931052,12.441052,13.421052,14.1110525,14.401052,14.441052,13.671052,12.3610525
-1.4689478,-3.1489477,-3.7789478,-3.0789478,-3.2489479,-3.3189478,-2.6689477,-2.9889479,-3.6589477,-3.6189477,-3.2889478,-3.1789477,-2.3689477,-2.2189476,0.82105225,-0.28894776,1.3910522,1.9410522,2.2310522,3.2210522,4.341052,3.7910523,5.881052,-0.07894775,4.9210525,7.0410523,8.291052,9.021052,9.911053,11.651052,13.321053,14.571053,15.971052,16.651052,17.251053,14.901052,8.601052,7.1010523,7.491052,7.3710523,6.281052,6.511052,8.551052,8.721052,9.081052,9.981052,11.021052,11.631052,11.811052,12.051052,12.071053,12.541052,12.981052,13.371052,13.241053,12.271052,10.951053
-3.1389477,-2.8189478,-1.7289478,-2.6389477,-3.3089478,-3.0389478,-3.4989479,-3.7089477,-4.8489475,-6.658948,-4.008948,-2.6589477,-2.1289477,-2.6689477,-5.2889476,-4.1689477,-1.4989477,-0.17894775,0.65105224,1.3910522,2.5010521,2.6810522,3.8810523,2.2710524,1.3710523,4.4810524,6.2910523,8.131052,10.121052,11.101052,13.661053,15.451053,16.361052,18.981052,18.571053,13.831052,9.261052,7.4410524,6.4210525,6.3510523,5.781052,6.241052,7.3510523,7.2910523,8.041052,8.841052,9.731052,10.661053,11.281053,11.681052,11.741053,11.801052,11.791052,11.451053,10.851052,10.451053,9.951053
-1.2389477,-2.3189478,-1.0589478,-1.4589478,-2.8289478,-2.1789477,-4.638948,-7.8589478,-7.008948,-4.968948,-6.388948,-10.668948,-10.158948,-8.808948,-7.298948,-5.0589476,-3.8589478,-2.4889479,-1.5789478,-0.8289478,0.40105224,1.4710523,2.5710523,3.4310522,4.0210524,4.631052,5.9810524,8.451053,10.081052,12.301052,15.211052,17.631052,19.051052,18.641052,16.491053,12.541052,9.291052,8.131052,6.2910523,5.3510523,4.631052,4.5410523,4.7710524,6.0210524,6.7710524,7.5410523,8.441052,9.031053,9.651052,10.221052,10.371052,10.411053,10.241053,9.941052,9.741053,9.061052,8.471052
0.51105225,-2.1189477,-1.8889477,-2.7589478,-2.7789478,-6.5789475,-8.568948,-7.528948,-11.798947,-13.808948,-13.858948,-13.658948,-12.818948,-11.308948,-9.798947,-7.948948,-5.8989477,-4.318948,-2.8989477,-1.6489477,-0.48894775,0.82105225,2.2210522,3.4010522,4.0210524,5.111052,6.6410522,8.3610525,11.921052,15.501052,17.801052,16.831053,15.781053,13.781053,12.391052,11.191052,9.561052,8.441052,7.381052,5.701052,4.431052,2.5610523,3.2710524,4.931052,6.031052,6.411052,6.8910522,7.6410522,8.201053,8.521052,8.831052,8.791052,8.341052,7.8710523,7.911052,7.451052,6.6410522
-0.5289478,0.13105224,-1.8289478,-2.5889478,-2.6289477,-5.778948,-10.348948,-14.068948,-14.948948,-15.118948,-13.528948,-11.308948,-10.008947,-10.098948,-10.748948,-9.258947,-7.118948,-5.3989477,-4.318948,-2.8889477,-1.4089477,0.34105223,3.4510522,5.9010525,6.8710523,7.611052,8.781053,10.691052,13.231052,13.521052,13.051052,12.8610525,11.591052,10.271052,9.761052,10.021052,9.311052,7.881052,6.801052,7.1010523,6.241052,3.1110523,2.4710522,2.9210522,3.7210522,4.6510525,5.431052,6.411052,6.591052,7.131052,7.1710525,7.781052,7.551052,6.9010525,5.571052,5.321052,4.8110523
-0.39894775,0.021052247,-0.7789478,-1.0289477,-2.6689477,-3.0789478,-9.788948,-15.588947,-14.918948,-13.688948,-11.108948,-7.1889477,-4.988948,-3.5189478,-1.9989477,-2.2789478,-0.33894774,-0.15894775,1.8910522,3.4610522,5.0810523,6.1510525,7.0810523,7.591052,8.1110525,7.7510524,6.8110523,7.091052,10.901052,8.931052,10.071053,10.221052,8.741053,7.611052,7.2510524,7.2710524,7.161052,7.011052,7.0210524,8.041052,6.091052,4.801052,3.3510523,1.8010522,2.4710522,3.3410523,3.7110522,4.131052,4.9210525,5.3510523,5.131052,5.131052,4.181052,4.051052,3.5810523,3.1610522,3.0010521
-0.56894773,-0.87894773,1.7510523,0.6710522,-1.1989478,1.7110523,-3.3989477,-13.608948,-11.928947,-7.1889477,-4.3989477,-2.9989479,-1.9189477,-1.4989477,-0.8389478,-0.30894774,0.87105227,2.5510523,3.4010522,4.611052,6.6910524,6.0210524,6.2310524,6.8310523,7.051052,7.4610524,8.471052,8.071053,7.261052,6.6910524,7.1210523,7.3510523,7.0010524,6.6010523,5.7310524,6.361052,6.911052,7.0610523,7.301052,7.071052,6.3110523,4.181052,2.4610522,1.6110523,1.7110523,2.0610523,2.1710522,2.3610523,2.4110522,2.1610522,2.4410522,2.6210523,1.6910522,2.3510523,1.9310522,1.2910522,0.96105224
-1.6189477,-1.6189477,2.9110522,3.9410522,4.1210523,6.301052,14.741053,16.891052,9.281053,6.131052,3.1210523,1.5510522,1.0710522,1.2010522,0.6610522,0.48105225,2.1510522,3.5110521,5.111052,5.781052,6.381052,6.031052,6.8110523,7.2910523,6.951052,7.221052,7.7110524,7.681052,7.2510524,6.911052,6.721052,7.301052,7.261052,6.9010525,6.781052,6.7710524,6.931052,7.4010525,6.821052,6.111052,5.6710525,4.6010523,1.9310522,0.42105225,1.0210522,1.4710523,1.6810522,1.1910522,0.18105225,0.52105224,0.96105224,0.16105224,-0.42894775,-0.058947753,0.051052246,-1.0189477,-0.90894777
