demo_assets/current-wind-surface-level-gfs-1.0.json
{"header": { "discipline":0, "disciplineName":"Meteorological products", "gribEdition":2, "gribLength":74938, "center":7, "centerName":"US National Weather Service - NCEP(WMC)", "subcenter":0, "refTime":"2017-09-21T18:00:00.000Z", "significanceOfRT":1, "significanceOfRTName":"Start of forecast", "productStatus":0, "productStatusName":"Operational products", "productType":1, "productTypeName":"Forecast products", "productDefinitionTemplate":0, "productDefinitionTemplateName":"Analysis/forecast at horizontal level/layer at a point in time", "parameterCategory":2, "parameterCategoryName":"Momentum", "parameterNumber":2, "parameterNumberName":"U-component_of_wind", "parameterUnit":"m.s-1", "genProcessType":2, "genProcessTypeName":"Forecast", "forecastTime":0, "surface1Type":103, "surface1TypeName":"Specified height level above ground", "surface1Value":10.0, "surface2Type":255, "surface2TypeName":"Missing", "surface2Value":0.0, "gridDefinitionTemplate":0, "gridDefinitionTemplateName":"Latitude_Longitude", "numberPoints":65160, "shape":6, "shapeName":"Earth spherical with radius of 6,371,229.0 m", "gridUnits":"degrees", "resolution":48, "winds":"true", "scanMode":0, "nx":360, "ny":181, "basicAngle":0, "lo1":0.0, "la1":90.0, "lo2":359.0, "la2":-90.0, "dx":1.0, "dy":1.0 }, "data":
[rows 26 to 51 of 181, columns 228 to 284 of 360]
-0.008947754,-0.46894777,-0.5889478,-0.81894773,-0.78894776,-1.2789477,-1.3589478,-1.4289478,-0.92894775,-1.0289477,-0.92894775,-0.8389478,-1.0689478,-1.0289477,-1.1089478,-1.2989478,-1.7189478,-2.1489477,-2.9089477,-4.008948,-4.368948,-4.8989477,-4.488948,-4.0589476,-4.8289475,-5.258948,-5.178948,-5.3789477,-5.2689476,-5.2489476,-5.7289476,-5.8289475,-6.318948,-6.0989475,-6.388948,-6.6289477,-6.368948,-6.5989475,-6.7489476,-7.178948,-7.678948,-8.008947,-8.098948,-8.668948,-8.708948,-7.528948,-7.068948,-8.258947,-8.768948,-9.408948,-7.9589477,-6.6689477,-5.588948,-4.988948,-5.7289476,-5.6289477,-4.008948
-0.68894774,-0.56894773,-0.30894774,0.41105226,0.93105227,0.56105226,-0.098947756,-1.8389478,-1.5489478,-1.0989478,-2.1289477,-1.9489478,-2.0389478,-1.7789477,-2.3589478,-2.4489477,-2.4589477,-4.1289477,-4.888948,-5.4389477,-6.3289475,-6.638948,-6.6089478,-6.508948,-6.5589476,-5.8589478,-5.9589477,-5.5589476,-6.3089476,-6.6489477,-7.3989477,-7.088948,-6.738948,-6.4189477,-6.318948,-6.8289475,-7.0989475,-7.698948,-7.5389476,-7.2089477,-8.098948,-8.408948,-10.118948,-10.1389475,-10.368948,-10.198948,-9.978948,-9.668948,-9.648948,-8.838947,-8.368948,-8.558948,-8.458948,-8.118948,-9.498948,-8.788948,-7.758948
-0.8289478,-1.2789477,-0.97894776,0.65105224,0.69105226,-0.24894775,0.76105225,1.3910522,-1.2589477,-1.0489478,-1.1189477,-0.41894776,-1.6389477,-2.5189478,-1.9289478,-1.7689477,-2.2989478,-3.5789478,-4.638948,-4.8789477,-6.9789476,-4.1689477,-4.1889477,-4.8989477,-4.9789476,-4.838948,-4.4389477,-4.9389477,-5.8289475,-5.948948,-6.3489475,-6.8589478,-7.368948,-6.718948,-7.218948,-8.628948,-9.268948,-9.398948,-9.568948,-11.568948,-13.248948,-12.238948,-12.148948,-11.358948,-10.938948,-10.498948,-10.108948,-9.838947,-9.748948,-9.788948,-8.8889475,-8.238948,-6.888948,-5.778948,-6.0789475,-6.5989475,-4.6489477
0.13105224,-0.53894776,-0.56894773,0.25105226,0.9810522,2.0010521,1.1410522,1.7410523,-0.11894775,-0.07894775,0.22105224,-0.84894776,-1.2289478,-0.8989478,-0.6989477,-1.2089478,-3.3989477,-3.7189476,-2.6589477,-1.8089478,-2.5989478,-4.028948,-4.178948,-5.8089476,-4.908948,-4.9189477,-4.8989477,-5.138948,-5.6089478,-5.988948,-6.4589477,-7.528948,-7.868948,-7.9189477,-7.6089478,-8.718947,-9.898948,-10.938948,-13.928947,-12.878948,-11.898948,-11.538948,-12.008947,-11.618948,-11.178947,-9.878948,-8.878948,-7.8589478,-8.928947,-9.238948,-8.118948,-9.468947,-8.168948,-8.368948,-7.8589478,-7.678948,-7.258948
-0.21894775,0.81105226,-0.75894773,-1.6789478,-1.3789477,0.061052248,0.46105224,-0.028947754,0.71105224,0.69105226,0.111052245,-0.49894774,-1.0789478,-0.86894774,-0.7089478,-1.2789477,-1.4489478,0.0010522461,-0.098947756,-0.7689478,-1.0189477,-2.3689477,-3.1789477,-3.4589477,-3.7089477,-4.8789477,-4.9189477,-4.2689476,-6.388948,-6.028948,-7.618948,-7.1289477,-9.818948,-9.938948,-9.748948,-10.358948,-10.698948,-10.848948,-12.908948,-12.478948,-10.318948,-10.378948,-11.6389475,-11.858948,-10.588947,-9.128948,-7.798948,-8.108948,-9.158948,-9.378948,-8.398948,-9.578948,-11.098948,-12.488948,-11.558948,-9.588947,-9.518948
0.25105226,-0.24894775,1.0310522,1.7010522,0.08105224,0.57105225,0.22105224,-0.75894773,-0.018947754,0.7210522,0.7310522,-0.92894775,-0.79894775,-0.8389478,-0.98894775,-0.49894774,-2.1089478,-1.1689477,-0.7689478,-0.25894776,-0.47894776,-1.7989478,-4.088948,-3.7589478,-3.3689477,-2.6589477,-2.7689478,-3.9489477,-4.488948,-6.8989477,-6.758948,-7.2489476,-6.758948,-7.0189476,-7.658948,-6.3489475,-5.758948,-3.9089477,-4.8089476,-5.8789477,-5.6689477,-6.2889476,-6.0389476,-5.468948,-4.6689477,-4.138948,-3.2889478,-3.0989478,-3.6489477,-4.0989475,-6.238948,-7.7889476,-9.728948,-9.578948,-7.388948,-8.528948,-9.448948
0.39105225,-0.5789478,0.27105224,-0.048947755,0.71105224,0.57105225,0.22105224,0.81105226,-0.73894775,0.09105225,-0.068947755,-0.028947754,-0.13894776,-0.058947753,0.17105225,0.26105225,0.44105226,-0.18894775,-0.46894777,-0.08894775,0.6610522,-0.40894777,-1.4989477,-2.0489478,-2.5989478,-2.8889477,-2.9189477,-3.2889478,-3.1989477,-4.3289475,-5.048948,-2.8889477,-1.8489478,-2.7189476,-2.1889477,-0.25894776,2.1210523,3.3710523,2.3610523,2.1210523,0.43105224,0.87105227,2.3110523,3.9410522,4.611052,4.9010525,5.6410522,7.161052,8.891052,10.031053,12.141052,13.6110525,12.711052,11.621052,8.221052,1.8210522,-1.7989478
-0.26894775,-0.8889477,-0.8289478,-0.018947754,-0.17894775,0.59105223,-0.29894775,0.41105226,-0.7789478,-0.59894776,-0.55894774,-0.30894774,-0.43894777,-0.08894775,-0.26894775,0.18105225,-0.068947755,-0.038947754,0.27105224,-0.65894777,-1.1189477,-0.56894773,-1.1089478,-1.6489477,-2.3489478,-2.8989477,-2.8489478,-1.6189477,-1.2389477,-0.84894776,-1.1589477,1.4710523,2.2810524,4.1010523,3.4810522,4.911052,3.0410523,2.4110522,2.6210523,2.7110522,3.0710523,4.3110523,4.6410522,3.6310523,3.9510522,5.361052,6.5810523,7.411052,8.091052,8.781053,9.491053,11.711052,11.591052,11.341052,10.531053,6.991052,7.1510525
-0.22894776,-1.0089477,-1.5089477,-0.46894777,-0.24894775,0.021052247,0.78105223,-0.36894774,0.57105225,-1.4589478,-0.5289478,0.43105224,1.2610523,1.3210522,0.35105225,0.63105226,0.31105223,0.94105226,0.87105227,-0.27894774,-0.43894777,-0.32894775,-0.14894776,-0.85894775,-1.3189478,-1.3289478,-1.3089478,-1.4589478,-0.14894776,1.0110523,1.9510522,2.4710522,4.091052,4.341052,3.9810522,2.7110522,3.7310522,3.2210522,1.8710523,1.4410522,1.7910522,2.1410522,3.0610523,4.8510523,5.7710524,6.1010523,6.011052,6.201052,6.8510523,7.631052,8.291052,9.431052,10.131052,10.371052,8.791052,8.401052,10.301052
0.9210522,-0.028947754,-1.3989477,-0.78894776,-0.8889477,-0.018947754,0.62105227,0.26105225,-0.99894774,-1.2489477,-1.4189477,0.41105226,1.6110523,1.9610523,1.7210523,1.5610522,1.8210522,2.0410523,1.2910522,0.38105226,0.14105225,-0.46894777,0.061052248,-0.038947754,0.08105224,-0.16894776,0.68105227,1.2610523,1.5110523,2.5510523,3.5010521,3.9010522,3.5710523,3.0110521,2.6210523,2.9610522,2.2710524,1.6310523,1.4110522,1.3910522,1.4710523,1.4710523,1.9610523,3.2610521,5.6910524,6.6710525,7.531052,8.621052,10.471052,11.021052,7.3510523,5.4010525,7.3310523,8.341052,9.911053,10.401052,10.061052
4.7310524,3.0910523,0.28105223,-1.5289477,-2.0289478,-0.25894776,0.6110523,-0.61894774,-0.5889478,-0.74894774,-0.40894777,-0.6989477,-0.28894776,1.0910523,3.1310523,2.4810522,2.8110523,2.0810523,1.5710522,0.5510523,0.53105223,0.6110523,0.57105225,0.87105227,1.2410523,1.5410522,1.8810523,2.4810522,2.7810524,2.9910522,3.5910523,3.9610522,3.7410522,2.4310522,1.1310523,1.5710522,1.4810523,1.5210522,1.8910522,2.4210522,2.2010522,2.4310522,2.5410523,3.0610523,4.7310524,6.7710524,7.781052,9.141052,7.7510524,9.6110525,5.341052,5.881052,7.8310523,6.201052,8.761052,8.871052,4.1410522
1.4010522,4.1410522,2.1910522,-1.1489477,-3.1789477,-2.8389478,-1.0989478,-0.40894777,0.74105227,1.0510522,0.34105223,-0.90894777,-0.5289478,0.57105225,-0.49894774,3.4110522,3.6710522,3.0910523,2.8910522,1.6710522,1.7710522,1.6010523,2.3610523,2.8810523,2.8710523,3.8910522,4.1410522,5.0210524,5.051052,3.6610522,3.1610522,1.5310522,1.5210522,1.8310523,1.9010522,0.14105225,1.1210523,1.4510522,1.6410522,2.0010521,2.0310524,2.6610522,3.1010523,4.1210523,4.6410522,5.0010524,5.1910524,5.4010525,5.2710524,4.591052,4.8910522,5.6010523,6.2310524,3.7610521,6.091052,6.2910523,5.3510523
5.071052,1.5710522,2.2110522,0.35105225,-1.9189477,-3.2989478,-2.8889477,0.9210522,2.8110523,2.8310523,2.8610523,1.8810523,0.44105226,0.09105225,1.3510523,1.0110523,1.0910523,3.1210523,4.571052,2.9410522,3.1910522,3.9310522,4.031052,4.6210523,5.1210523,5.1210523,4.971052,5.1210523,4.4810524,4.1410522,3.2310522,3.1510522,-1.6689477,0.39105225,1.3610523,0.76105225,2.5210524,2.8410523,2.0310524,1.8510523,1.7010522,1.8210522,2.0810523,2.4810522,2.7410522,3.0410523,3.0410523,3.2310522,3.1910522,4.8310523,4.4210525,4.3110523,2.9710522,4.1910524,3.5710523,3.8210523,3.5310524
4.241052,2.1710522,1.9610523,0.59105223,-0.36894774,-0.16894776,-1.8689477,-2.2789478,-2.3589478,0.90105224,2.9210522,2.7510521,1.6910522,1.3310523,1.1810522,0.9810522,1.8710523,0.23105225,2.8710523,5.321052,5.451052,6.4010525,6.6210523,7.0610523,6.5610523,5.801052,5.991052,4.5610523,4.321052,3.2410522,2.8210523,2.6210523,1.5710522,-0.048947755,1.1010523,1.6410522,0.7910522,0.83105224,0.70105225,0.47105226,0.77105224,1.0210522,1.0110523,0.44105226,1.4310522,1.8810523,1.6610522,1.7810522,1.9310522,2.1010523,1.9010522,1.7210523,1.5510522,2.2610521,2.4110522,1.9710523,2.1610522
3.7610521,2.7410522,1.9310522,1.8210522,1.2310523,-0.17894775,-0.85894775,1.7310523,0.28105223,-1.6289477,-0.40894777,0.8010523,1.5910523,1.4410522,0.89105225,1.2210523,0.15105225,1.7010522,-0.79894775,4.2310524,6.971052,7.301052,8.151052,7.6910524,6.5810523,6.2110524,5.431052,4.1010523,2.8310523,2.4710522,2.2310522,-0.018947754,1.2010522,0.9710522,-0.37894776,0.18105225,-0.56894773,-1.0389477,-0.47894776,-0.22894776,-0.18894775,0.021052247,0.16105224,-1.1389477,1.7610523,0.58105224,0.9710522,0.58105224,0.46105224,0.40105224,1.1210523,1.5110523,1.9010522,1.1810522,1.2910522,1.8710523,2.7510521
3.7410522,2.9210522,2.0410523,2.6810522,-0.098947756,-2.1889477,-0.08894775,-0.8389478,-0.9589478,1.5310522,-0.37894776,-1.4589478,0.21105224,0.34105223,0.14105225,0.22105224,1.0710522,1.5310522,1.7610523,0.68105227,1.3810523,3.9510522,5.451052,4.9810524,3.9610522,3.6810522,2.4510522,1.8210522,2.1010523,2.9210522,0.6710522,0.9810522,-0.14894776,1.6410522,0.96105224,-0.018947754,-0.6989477,-2.9189477,-2.3089478,-1.6589477,-1.0189477,-0.59894776,-0.39894775,-0.028947754,0.39105225,0.32105225,-0.43894777,-0.22894776,-0.028947754,-0.68894774,-0.61894774,0.0010522461,1.0010523,2.3110523,2.3710523,2.7010522,3.2010522
4.0610523,3.1710522,2.8710523,2.1810522,0.021052247,-2.5989478,-3.8789477,-1.1689477,-1.5689478,-0.39894775,0.83105224,0.5410522,-2.0289478,-0.38894776,-0.7089478,-0.25894776,0.77105224,1.7110523,0.9210522,1.5510522,-1.3889477,-1.4889477,0.47105226,2.0910523,3.0810523,4.031052,4.7710524,4.0010524,3.9810522,2.8110523,1.1510522,2.4310522,2.5110521,-0.058947753,-1.1089478,-1.7489477,-2.3189478,-3.3689477,-2.4689476,-2.2889478,-2.0089478,-1.9389478,-1.2189478,-0.96894777,-1.7689477,-0.87894773,1.3010522,-0.07894775,-1.0189477,-0.54894775,-0.008947754,1.2710522,1.6410522,2.1910522,2.6510522,2.1910522,1.9510522
4.861052,3.5610523,3.7410522,2.8110523,1.3210522,-1.1589477,-2.2689478,-3.5789478,-0.75894773,1.2610523,1.9710523,0.39105225,-0.55894774,0.50105226,1.8110522,1.1710522,0.59105223,1.1710522,1.2710522,2.0310524,0.17105225,1.6410522,-0.54894775,2.2210522,2.7010522,2.9010522,2.5010521,2.8310523,3.4710522,2.0310524,2.3510523,1.8410523,0.5410522,-1.9289478,-2.6689477,-2.8489478,-4.4189477,-3.1589477,-2.8989477,-3.2089477,-4.028948,-4.968948,-4.5389476,-2.2989478,-3.5989478,-0.65894777,-0.72894776,0.56105226,-0.54894775,-0.12894775,-0.098947756,1.0910523,1.3210522,1.9310522,1.8910522,1.4510522,0.17105225
5.4010525,4.181052,4.201052,3.7110522,2.5110521,0.37105224,-1.8889477,-2.8789477,0.17105225,-0.31894776,1.7710522,1.9210522,1.7810522,2.7910523,1.9610523,-0.48894775,0.51105225,0.43105224,1.3310523,-0.16894776,-1.2189478,1.5010523,1.5110523,0.95105225,-0.8289478,0.83105224,3.2910523,2.2610521,1.7510523,0.68105227,2.3610523,0.43105224,-1.0789478,-2.3389478,-1.5189477,-4.178948,-4.6689477,-4.8589478,-3.9789476,-3.2589478,-1.9989477,-1.3989477,-1.1689477,-1.1689477,-1.2689477,-1.1089478,-1.2289478,-0.56894773,-1.1189477,-0.8989478,0.20105225,0.071052246,1.3910522,1.7610523,-0.21894775,-0.81894773,-0.62894773
5.241052,4.4210525,4.1910524,4.3310523,3.3710523,1.3910522,-0.8889477,-2.1489477,-0.23894775,0.45105225,1.9910523,2.3210523,4.1710525,1.8310523,0.93105227,0.051052246,-0.29894775,-0.84894776,-1.2589477,-1.8289478,-1.2289478,0.42105225,-0.14894776,0.34105223,-1.7989478,-2.6089478,-1.4489478,-0.038947754,1.5010523,2.4610522,3.0510523,-0.67894775,-1.4689478,-3.0789478,-2.0889478,-3.1289477,-4.4789476,-4.218948,-4.0589476,-2.7389479,-2.5389478,-2.1489477,-1.4289478,-1.3589478,-2.0189478,-1.9089477,-0.028947754,1.5210522,0.27105224,-0.73894775,0.52105224,-0.98894775,0.0010522461,0.50105226,-0.24894775,-1.4489478,-2.3389478
4.8510523,4.591052,4.611052,4.881052,4.531052,2.3510523,4.181052,1.1310523,-0.29894775,0.84105223,2.0610523,1.4210522,2.9310522,1.0410522,-0.058947753,0.6710522,1.4310522,-0.41894776,-0.6389477,-2.0289478,-0.5189478,0.88105226,1.8310523,-2.0589478,4.661052,-0.038947754,-1.0989478,0.31105223,4.761052,-0.7789478,4.781052,0.071052246,-2.3989477,-2.8789477,-3.1189477,-3.3589478,-2.8189478,-2.8389478,-2.8689477,-2.8089478,-1.8489478,-1.5989478,-1.1689477,-0.5889478,-0.54894775,1.3510523,3.2410522,0.82105225,1.3310523,0.99105227,-1.5689478,-0.19894776,-1.2289478,-1.2589477,-0.90894777,-2.1589477,-2.3589478
4.861052,5.321052,5.241052,5.091052,3.7610521,3.3310523,4.2310524,0.38105226,0.90105224,0.77105224,1.8010522,1.0110523,2.4510522,1.4910523,2.6510522,1.6110523,2.9310522,2.7410522,2.7710524,2.8710523,2.7810524,1.8710523,-1.0989478,0.56105226,2.9010522,-4.3789477,-1.1889478,2.9310522,6.781052,3.9610522,2.0610523,0.22105224,-1.1589477,-1.5189477,-2.4189477,-2.6689477,-1.6089478,-2.4989479,-3.5589478,-3.7289476,-3.5589478,-2.3389478,-2.5789478,-1.4689478,-1.9489478,0.88105226,2.9710522,1.3710523,0.8510522,-0.5189478,-1.4389478,-1.5489478,-2.5689478,-1.6689477,-1.9089477,0.16105224,1.2610523
4.741052,5.011052,4.881052,4.6910524,3.8410523,4.8710523,2.8710523,-1.1989478,0.45105225,0.17105225,1.9010522,1.8210522,0.24105224,0.76105225,-0.65894777,0.18105225,0.36105224,0.45105225,0.12105224,-0.72894776,1.0310522,4.051052,0.51105225,3.9410522,6.7710524,7.3510523,7.881052,4.2910523,4.511052,-1.1089478,0.10105225,-0.49894774,-2.1189477,-2.6089478,-2.7189476,-2.1189477,-2.0789478,-2.0089478,-2.4089477,-1.7989478,-1.1089478,-1.0189477,-2.3689477,-1.9689478,-0.5889478,0.59105223,-0.038947754,0.83105224,-0.048947755,-2.0389478,-2.2089477,-1.7189478,-0.07894775,-0.65894777,-1.0489478,0.08105224,0.031052247
3.8310523,4.611052,4.781052,4.261052,5.131052,5.511052,2.8110523,0.12105224,0.5410522,0.48105225,-0.8989478,0.84105223,0.6610522,-1.3489478,-0.38894776,-2.0689478,0.19105224,1.0110523,-0.59894776,2.9210522,3.1210523,6.911052,4.131052,4.841052,6.781052,5.5010524,5.951052,1.7810522,1.7710522,2.1210523,0.46105224,-0.72894776,-1.8689477,-1.8889477,-2.7589478,-2.8889477,-2.5989478,-2.9389477,-2.6389477,-1.6589477,0.6010522,0.5510523,-0.44894776,0.63105226,0.65105224,1.2310523,0.78105223,0.64105225,0.16105224,0.31105223,-0.14894776,0.061052248,0.17105225,-0.14894776,-0.8289478,-0.7789478,0.22105224
2.9310522,3.3410523,3.7310522,4.5410523,5.881052,4.8310523,2.8710523,0.88105226,1.1310523,0.50105226,3.3210523,-0.74894774,0.9810522,2.2010522,1.4210522,1.1010523,-0.08894775,1.7310523,-1.0189477,0.37105224,4.761052,2.8210523,3.5510523,4.781052,5.411052,3.8410523,6.111052,-4.818948,2.3110523,4.011052,3.9810522,1.4310522,-0.62894773,-1.5689478,-2.6289477,-2.3689477,-1.9289478,-1.9089477,-2.7289476,-1.0489478,0.95105225,-0.31894776,-0.73894775,-0.7089478,-0.62894773,0.75105226,0.6010522,0.81105226,0.34105223,-0.47894776,-0.42894775,-0.49894774,-1.2289478,-1.1289477,-1.0189477,0.0010522461,1.0910523
1.1910522,1.4010522,1.5010523,2.7710524,4.3310523,4.0010524,2.9910522,2.5610523,3.3110523,1.6010523,2.0810523,1.6310523,3.4510522,2.5010521,2.8910522,-3.6089478,-1.3989477,-0.32894775,4.3510523,7.931052,5.681052,1.8210522,3.4010522,5.341052,4.321052,5.201052,4.201052,3.3510523,3.2610521,3.5410523,2.9910522,1.4910523,0.64105225,0.041052245,-0.9489477,-1.2189478,-1.8089478,-1.4889477,-1.2689477,-1.4289478,0.011052246,-1.6989478,-2.2889478,-1.4689478,-1.3989477,-0.43894777,-0.38894776,-0.25894776,-0.20894775,-0.39894775,-0.66894776,-0.99894774,-0.86894774,-1.3589478,-0.55894774,-0.11894775,0.14105225
